00000000
<<<<<<< HEAD
00000001 
10000000
00100000

00000000
10000010 
10001000
00100001

00000000
01100011 
10010000
00100010

00000001
11000111
10011000
00100011
=======
00100010 
10100000
00100000
00000000
10100100
10101000
00100011
00000001
00000100
11000000
00100100
00000001
01001010
11001000
00100101
00000000
10101010
11010000
00101000
00000000
00000000
00000000
00000000
00100000
01011111
00000000
00000011
10101100
10000111
00000000
00000000
>>>>>>> 29809fb09eebb26cc0862e9f0e52b14ab7498c06
